38419076308558
5196941482180427
6011648902145507
6011541522810495
2100438118121208
340330340261288
201489234446831
4486721091429528
214921348106690
2100590354720042
4539858868193585
2100183923553803
4532777298371
346539747941995
869913584571073
347621194459918
4532736972558173
1800681788742606
4024007195437
374000604532174
869950509948366
375397178069750
4283634711938841
869959826071596
6011480509444137
4916906561213771
30352350795307
343095106548585
311284586352522
5422475408970062
2100462008739531
4716507869121278
378861005007611
6011525210032934
6011150846314711
6011436738361518
5249270105996531
214979058870483
4916875596958868
4556066335068640
4024007164037
201411505671046
5102762644511140
38294241848071
5104202006133389
4486943772852
371599760966236
1800051539488497
5400604006372597
4716158983660864
6011798996426287
214919362435144
214937945260466
869958715366596
4929988592024
4532134066506375
370073852378578
2100269251693715
5490696660676769
869925005373228
6011411018618390
1800875600179233
1800291670082473
2100160443090854
36752059530760
315899393593962
201405920990346
4716121248901861
4024007148130569
214956393063677
2100964533229557
869950991146461
30281058971250
30325993371884
371157064217564
6011488507631514
5584917996130462
30171113221983
1800167979458574
378519594668850
309612445060452
6011612558195356
4916847978874
4929113715227
5295700108508159
4486387935990305
30091863120740
333703094205280
4916267549640936
4934059957559387
30035650320617
2100856149852154
349028534785176
4556573596234647
5361653584939902
214964154524788
4004449297294669
30377436166637
344558385749603
869900547581356
30201873196172
308805166633595
372057483333373
214985241647456
6011804868241190
1800327454171734
4716317106380
311223094453661
869949717873846
214953192577585
5352964617139225
1800949136864301
5367794820550360
869945597602735
342242154308139
2100928930073397
2100632691388222
36401568058661
201465991642952
2100302216163357
214923264878708
38576314928347
377511867408859
4916617345395
311234005242333
342709285052612
6011309474498812
4556474390357819
6011829089234831
4532044330448199
201421050838072
308864577523218
5286242561739709
352800804256250
2100802979116922
869918895289976
4716818045366434
352863653110523
2100921493054656
30240727478576
2100919551334424
30385092054096
345096058545478
5445577104160865
4450221316024560
4024007132187229
6011597543754658
1800487710528448
4556840343831
4532424485634159
308828480133217
201416615625428
308865792901527
869961091455165
2100987396162011
214949230807117
352845537694533
214901060241230
1800388931482003
869910337869648
36179742635899
5153136759610153
2100154963273719
2100415414127170
5218098427578266
4539878806473
1800995941652050
4024007137355
4486436107472848
869985831597564
375391284404258
4024007138882591
2100162515046996
214958581538486
4556250508443471
6011489253978950
4916182764397635
5435842819771303
214939665951340
6011703590644145
4716570777406
344948522152540
5379934261680708
214981856120392
4929422971835810
6011158015049224
371733945082102
6011904495476472
4929660944017442
376349294548505
315837204569938
201438516666087
30177958951196
6011120859428807
311246686880546
201471939178612
4929785846297550
2100534486757845
4024007129972
4024007151275772
377661406455083
1800486641001442
4916907408578962
2100762533447207
869931083580015
6011710101067294
4539784182091737
6011718773892584
30325313998119
2100088042431726
5485783396021960
1800669968519779
4024007143072
4677745493552560
1800365455209707
4077562428973
1800146041174476
4556779668802
5301799848935773
333791093974683
869990639230590
30188885633286
4486508320778308
5448831083236056
4929907917796654
869987935151306
30274795088769
869914888008119
2100826461791140
4764657423171
869993323949624
4539139250891635
201457954834940
30109700896668
333738317616962
869980924529632
6011448717522481
214957830599174
5451536148540129
1800438429198627
4532280328997876
214998987479505
30223206923205
4532173698984
201464712048136
2100831795912404
5288944981967665
5235342340897398
4539782835238796
6011678380239944
1800215945710774
2100348386247652
308876788101972
30144308006808
4486796667302325
4929681197107433
6011588056674979
869913884129135
4539728535514945
379773819235453
201439178958887
38159625899091
4916790580135912
4539037134761976
38785508853209
2100084382424892
5394441072692030
4916004072875
1800350733355225
4532086413610096
5312365302263479
378935094098721
6011739246466285
4916070391530
36404076114034
2100892277805136
4486660274910542
4024007195995922
4532084587242564
214977679758954
4929750998811517
869908174536064
869907741598623
6011711924698513
214942654748008
5252010223161731
352858775860807
1800287990725221
214924559886760
1800358043209578
5367909264340876
4024007165359307
5445686688902574
38002419919438
4916782851845402
6011947483185266
30393268591974
30366226207206
4024007160168802
4929234092324
5278205217858371
36258071497152
2100437166520949
2100483512715510
4929585977008754
4929503684394003
4800065647058
2100503021568108
869909116259633
5162712744707772
308824267070490
201487750340685
5255442169987059
6011525975391483
4916028565387731
6011442003273297
1800569976676399
2100660811285135
4556658853517659
4916862757585391
1800822774741638
4916261033164
201448373067774
4929188914431187
6011684725540988
6011269674593194
5169341161846898
352854630432965
2100717219679275
36998274142762
214937308853683
30376463131415
30331162860483
4716534409110181
6011896834952439
1800206787348740
4486867097591
5201801419865750
214904583792143
6011652713526673
869963999202517
5567218326105618
2100214253435103
2100165674794603
4256210115394
6011878222198361
6011726242180614
352891961365596
4532058908381467
2100669375092340
1800098213291101
4532920431495587
1800080633519931
36690779872874
869911843203496
201425022989111
308819581602440
308813579720017
2100233575679289
4916076890295
30373606216401
2100886375693402
4797687139573
4916554802337155
4716772317020387
345761195579173
4903072892715
333782916765820
5423954647718358
5471261304570960
1800413318785198
869924558613494
348482996865466
2100606862876330
315888274521044
869989864189463
2100743906093471
4486633389637
4532358106108880
4532376700060216
6011246630317066
4024007177230520
6011962599139834
30130283169844
5180512803385355
30355608703783
1800367004329853
6011101019645175
4556438638795031
201402040758042
352871957266248
333717385407942
869966594884530
4916312590796862
30019053364729
4486199391008815
4539218231895
30185920252841
5264719610697570
4556627288578339
6011138832338794
4024007115799
201491281921815
201405117872331
4454641598904021
4556312970833876
201465627858550
214945628040915
201474268819491
1800272323384649
4362953900915145
1800578081726437
5414182361177657
869910722395977
352847178018287
1800082038462436
4483730861406726
309617825182701
374060864929767
6011178371650373
333743539901390
6011587736946435
4916067066004
4556171538172189
2100028778695516
4539717408452069
4716245283897
5411944045558906
4929440629505
4916356541143666
5296783528207528
311245949923374
371115240341591
5327177595218273
352817170102736
371183170802644
4436068436383163
5299375524443327
5246530249177055
869900232918723
2100779788181653
5364424834845936
30194457579840
4486497404161922
5490420479949246
4556771471898813
4532727109470
214980979175168
370501017289587
214962016627914
5228627345888122
4532509870719803
1800982336278550
201431373787138
214910932225164
371638581771720
4486003238894991
5561249396714555
2100770880900793
349753147486702
4532821849995863
30244601306044
5258699472654620
1800753605543648
4929637807062
214981972688843
1800477615053436
38982351012054
201429621281326
5296226096461689
2100512978073038
4916644423966258
4916074740055355
4916666544336
30254823709693
30197324230786
6011333621961266
372001545754697
5473384064009025
4716988502768255
6011917416211117
6011093959466854
2100390451386064
309619990818556
6011575399852487
370185194746088
6011119068783259
2100082792286281
309628912765654
38167552811633
6011435974680342
5350376306751818
36919981261562
5406279171805491
342707948324915
4539559489947165
4024007153291678
869918067652290
311225243582886
869934502014954
4716053835411410
5288157965117195
4556799043713
4556699045369807
30117163201904
6011256450528197
4929198003111087
2100345574480582
4024007105984214
4716529572940
4532453579734450
377187983806183
2100542697440358
311222753885353
4227220660828
333791936012816
378962732306837
4486128509854976
5222163916427450
4716439867891803
4875036574803118
214949601588924
201433473954469
346321236121011
5391937298014233
2100720557234778
30033155103299
869929648246734
5122613047430774
5257807631985493
Last updated 01-15-2015

5271418510661825
4486870835367
311251364638323
2100989219827515
379870287624034
375760243275902
5227532933553701
6011880107331935
30154177247805
30071897966888
4929604414621333
1800086764179254
5106556092565566
869929150933059
308805935689910
5332845886019658
38340352842765
214974801212943
869994887036097
5586673883641321
2100333193798998
315862069285800
869958668767063
4486153829889
36669499764587
214926319462170
344837496955162
1800432242293863
4598319747037772
4532041665137983
340504560762700
4532830463772
869963420498254
4916302982460
333783893205848
4716065374776
2100585972235779
5547173848558874
214980864634279
1800548685986935
869915952945904
6011088605305316
377571203836809
370297254677747
4357467186771
4024007197841033
1800173449379549
214907668839333
4024007172462060
1800491428815238
214907445758418
201438680231072
4929568301965683
4916053617657519
372674950646325
30308261314752
352861051626967
6011357794520823
201482560622521
4684319290133
869946726739737
30045058417691
2100985821139067
30309102914701
869950536143502
372773273669210
4024007108774497
30376332318433
340537837264738
5106741091876418
869935193861405
30119882191366
30222352598993
2100722852481765
869932029959511
201457267691698
5517862450590797
4486049304051149
869959776714690
6011553588507998
30209457906239
5519454286981909
6011934907729234
38014942969525
214977696517086
352869077062851
4024007104602155
311237598051557
5508476695444537
4716103512856252
309671350168924
4024007141898865
4716345994997290
214944044034396
347400673439638
30063127608240
4024007176965845
1800313371549905
4716529250998569
4024007128438
4556726772399283
4716063208783428
201403022378510
370912016031534
309631250498300
5139182829276806
5572550733878541
315807987537550
5433063674884642
5552327371115062
4916061925059773
36168469023462
869912628379683
869921938652432
4929096183898
6011516042860964
201469149038436
4539186073814468
201443607549853
4929388366219
2100980938800800
869914681073773
309615833902565
4024007135368412
869913702703160
309600188965565
4929692733952489
4532602560039978
4556446641913632
344204669437330
5326165561810992
340647313111921
4929393940461
4086786477237
4716534981037
311287871085350
5513758543429981
2100061604703550
869956897429240
4716922207300221
2100599932844372
4834389453240
30298268682543
4486724811126234
4716429588301
30080403242692
2100451625257084
30044180840516
1800846029584121
4556300301287060
4916354863163396
376810627041187
201475392741311
38005083497540
344014063036657
869923229291789
5506828873283917
30145474090583
1800997620636693
5115391341425498
349521247401214
1800123607321841
4916154889896544
201456009484263
4024007111789664
201428457208460
5386093513827574
2100462916295121
4992728286081987
30283534891888
347709916861378
5359220426883682
6011164943728426
4929591079014294
4532812121794
6011832311132617
2100078348442030
5468534929844456
5564930140690186
4651316689281909
342115506642183
869936485488873
201415173132348
2100204215952899
345181240350449
869926090820578
869901317916285
5165493126560454
4716208230844785
4716750296552612
370560878987879
214964919339506
371974639930970
2100547693633856
869935949744251
30122161392036
4929854639121011
1800107671166653
4024007112883946
4539927670086
1800154347359072
30252544059463
869979611352217
2100915018637326
214905197973870
869926680702533
2100899781489976
5590747943682931
2100814112381644
869970409649682
6011967259661456
4024007166281948
214937440479173
30177018722058
341839480096543
2100397210801069
214941627935346
1800611148608734
1800470465883101
344498114468680
1800310983758247
1800916517928666
4929211592997558
375446952437491
6011502102855763
2100111594961955
4486330834810
2100178121653355
1800323265981619
4252690615813
201429792483073
2100084929545407
869900472947838
4532813248172202
4916904362335
2100425316060536
38215039610621
30195361904610
4024007178221106
1800560421650733
308813964163203
2100939485272466
1800158857463380
4916066747212419
376612320739343
311253631607891
6011808872244801
5214814599916603
348387173475015
348518405517469
869961270684643
377551029282883
2100282682469910
4024007102383
6011684436026145
379555531942528
4539313570734177
4929541814500842
869923896614875
4024007172253
6011239116416072
4532993903095201
214918880487314
311285795691881
1800588406162606
4024007124153742
6011155447113198
214949961708922
1800715221571782
4024007185840948
345054572831130
5275274496688415
4004715637584211
1800296969675283
5573785259168450
308827946882862
341601432831157
5590408596879585
311274173390928
333709282966252
214952412890273
340492148022591
2100520173567845
378658923543531
1800798271345406
311277298756774
5408091594088144
1800508218180968
38957918266112
4556204917136267
869999643241485
4024007186781141
2100529067840655
30311716925289
869984626320761
869951603742184
201476793793885
4539044597287
378160699780124
30333460010936
333705132279524
1800945131830511
4556582249340768
4486976822869968
4024007180033861
38913475593992
1800882447245888
4532053164829523
342112940904782
4384364559378219
309646730097886
6011152521550502
1800486329407291
2100022233256006
333703518548117
376971677116970
373533618574684
6011215474458096
869902381468153
311293877610514
376314673565116
2100619164771968
2100821169720608
6011258189441650
4930529696863583
869976162826227
30033215522744
6011479015925407
6011560688678892
5415248296724464
4486883943410385
4929925811587243
1800980958853734
214916744986174
315878622820503
4929698397441
201458063869926
38248120454690
348091648411593
38769037040447
869955620166707
214954315559096
2100582462378532
4556821290421428
4486084212096282
2100911451677978
5595917441518532
4916936755019
214983908991846
370557446970783
869974332085857
315823532392987
30317802062796
30182041317835
4024007135153186
214918811485312
869940241940698
348322067048586
30382380131843
4024007197169
4024007196084197
5325805425980900
352845463751463
2100243532072114
214933455743710
214904653216452
4716459555658819
4556414921087
30014775014314
6011771780960043
4024007118391985
201469068636301
4486541704842408
214911969250398
6011632582703959
869924616307071
6011731578114518
1800935866514521
1800749221517362
309669155429913
349643947275001
5296827013901580
4783995523514467
869954106175381
5558212978528558
4916438197423863
201498568068863
30152242478256
1800775990049410
869931658889452
4556162604421899
869969834524593
4532361566974304
4539904255331
311224205770985
309678823533022
30092049483051
372690431445780
4556773066791981
4539051296251841
2100835226369712
30063230440614
214917120302374
36709395807047
869908167062557
214928269894899
4532026496897772
4929900907946
4216234910508222
2100709013483400
4486075588647
1800127916512081
4716456845593582
1800536920930826
5497168368851212
5349815693866006
2100403501388640
214994273715520
4539954205638273
5325156222813583
30357343531008
4521127232543275
2100577477419784
378589445662675
4532245491007704
30337886298041
341634634328060
4024007115864
374372145670783
2100769249204749
201493327821934
2100180073746880
214932894007109
4556119647807609
30331841165601
4929626374061762
869998237826412
5585868357670464
214925757946942
1800276785272556
5148549267678355
201456362059785
869911226664454
1800691092739214
4539829232824999
30352623121612
38899794078718
1800339422929341
311237794362329
869954087747174
1800455788854871
4539196369820715
869928806448025
4556871731262246
4024007178496534
4539884788715711
2100278979861850
5525621080370727
1800160500781424
214963211398996
869912635818723
214924402765328
2100167177143932
201440321910544
201493256525142
4539900311062
869931482876584